4.315051358346227630e+02 2.171816912954164138e+02 2.437538962980251256e+02 3.317515201014975901e+02
4.323899879970772417e+02 2.171030805961114254e+02 2.444541049122935590e+02 3.325531967819761689e+02
4.293626209721845726e+02 2.169458280447477421e+02 2.430710672832597652e+02 3.326162831369417745e+02
4.313936579937775377e+02 2.167595235218830680e+02 2.424346327564041133e+02 3.323281729287967323e+02
4.334685243785892226e+02 2.188891452817446179e+02 2.421986466570137111e+02 3.325120476125075015e+02
4.315107225669046898e+02 2.165580369538018886e+02 2.447176203467610662e+02 3.324061434212808308e+02
4.313451853206153714e+02 2.152174794277307797e+02 2.451408137419902005e+02 3.304682342283379626e+02
4.322349529632807617e+02 2.162707019455563682e+02 2.463196167797548242e+02 3.302357561056827535e+02
4.299500669680954843e+02 2.175476233961773005e+02 2.445258581417276389e+02 3.301678074120469546e+02
4.315494483290192989e+02 2.162853675621744287e+02 2.440281239848943358e+02 3.310376020803706751e+02
4.310440168859173014e+02 2.177937139158906916e+02 2.437869860987843538e+02 3.328357690081446094e+02
4.315485924220010361e+02 2.165550081796859274e+02 2.421857420306502604e+02 3.311566719664694460e+02
4.306280712619723090e+02 2.196801304387828679e+02 2.440479980066890562e+02 3.319223766394364930e+02
4.313002682610300553e+02 2.160734175545871381e+02 2.433928700566732743e+02 3.312554283572271743e+02
4.296510868949185351e+02 2.148539573965553870e+02 2.451201781851277701e+02 3.309958106590702869e+02
4.310686423093517874e+02 2.170306252560970961e+02 2.425347745131379895e+02 3.328967060863647589e+02
4.310961695015895430e+02 2.190931831465114783e+02 2.430525087516732583e+02 3.330612931367818419e+02
4.295519641283866008e+02 2.175222782664721137e+02 2.447726123994718535e+02 3.307903394961584240e+02
4.300551847021164349e+02 2.166780935673350541e+02 2.445927533928588957e+02 3.320685916169437064e+02
4.312421401889698132e+02 2.176627879496429330e+02 2.436607601378982508e+02 3.321894153734777433e+02
4.290885752876063748e+02 2.176257351462249972e+02 2.440826931403993285e+02 3.304979269911993924e+02
4.317533959901775802e+02 2.161423593972765786e+02 2.442327384390576128e+02 3.318363144474492401e+02
4.315963269299670060e+02 2.181616426044331547e+02 2.435451900763140145e+02 3.331738175657683882e+02
4.329004847364414559e+02 2.173232848452445296e+02 2.448103396626827646e+02 3.311817211551555147e+02
4.311811522636323275e+02 2.170732874481905981e+02 2.434075253804279271e+02 3.314199546325280608e+02
4.310069628294651238e+02 2.152236015940460447e+02 2.436651093610198018e+02 3.327482218636603761e+02
4.313145057009666630e+02 2.180180053202722945e+02 2.456098288664810241e+02 3.308171642447059639e+02
4.311872156899689230e+02 2.178637923586346972e+02 2.438053899545392085e+02 3.326338196385985952e+02
4.304643678206144841e+02 2.185945352751994051e+02 2.435255463389690931e+02 3.317342843906832854e+02
4.299781373162954310e+02 2.171734909255752086e+02 2.411956752679884062e+02 3.334396094008494060e+02
4.333058863567047183e+02 2.164557184365710327e+02 2.433629095150290595e+02 3.301822029490732575e+02
4.308204394895951168e+02 2.177012270561776575e+02 2.434907004550326803e+02 3.318051798644747237e+02
4.325515754179928081e+02 2.171192082008012960e+02 2.444262328998233613e+02 3.311186224615694300e+02
4.318555854241108136e+02 2.177371946878749327e+02 2.452440249782873423e+02 3.313293663297228022e+02
4.304241691818918980e+02 2.173595230178123074e+02 2.439425386497669592e+02 3.318741889130733398e+02
4.321472021127794960e+02 2.183240333671752182e+02 2.442275652295711836e+02 3.339226267827277184e+02
4.314476403523946715e+02 2.186489016795106011e+02 2.443587667153933580e+02 3.309324624598814921e+02
4.300530192049072298e+02 2.151404092871599971e+02 2.449016077241112725e+02 3.318460877357746881e+02
4.319174328251509678e+02 2.155648588772183700e+02 2.425242856830883227e+02 3.301890224226228838e+02
4.322882895999787252e+02 2.169209099468081092e+02 2.435838805356984835e+02 3.325627208545335520e+02
4.324641989327283227e+02 2.180260214880652541e+02 2.441023187552190734e+02 3.334654589878326760e+02
4.317378908141568559e+02 2.171778260606592994e+02 2.446659391661991378e+02 3.319735700105273395e+02
4.320429522099811948e+02 2.168293424817459254e+02 2.449221004361126290e+02 3.319442973744582446e+02
4.315937039697692512e+02 2.184112092858254925e+02 2.417093535081906168e+02 3.312985214610673665e+02
4.311881819950459658e+02 2.175694957260102740e+02 2.415279412386743729e+02 3.308940127391022088e+02
4.319518039714736233e+02 2.163471244496691668e+02 2.434088371892074463e+02 3.303596785381471932e+02
4.332978579432957531e+02 2.176304540731262307e+02 2.445002031001906744e+02 3.317643957088181992e+02
4.303255086655138371e+02 2.173832917612132007e+02 2.464021939756107713e+02 3.316823996814930524e+02
4.313000778680209919e+02 2.170479698311289951e+02 2.444264545019224784e+02 3.299287938821731245e+02
4.314905849364083110e+02 2.169873907146887291e+02 2.429931642366892106e+02 3.311402679346705895e+02
4.320483117479310522e+02 2.167492678323914106e+02 2.427624110589942461e+02 3.318986338814078749e+02
4.317257043181207337e+02 2.173724734972610690e+02 2.445015056100108950e+02 3.324707261239716445e+02
4.309787381263042221e+02 2.172671124404119496e+02 2.445565863670804276e+02 3.310023394626954314e+02
4.311471195249223456e+02 2.173790078097100036e+02 2.435348384471233771e+02 3.321653792067982067e+02
4.332749948774348354e+02 2.175696737824590912e+02 2.438286143874331628e+02 3.315843268735993092e+02
4.295289856871301595e+02 2.166771708979593427e+02 2.443328693143150474e+02 3.314102137552043246e+02
4.315981409769383390e+02 2.170621279936466124e+02 2.424225822632750464e+02 3.310472321522099719e+02
4.301382521648393435e+02 2.164842996700159574e+02 2.444230141767498310e+02 3.333177963248069204e+02
4.305794829277023723e+02 2.171868514337182319e+02 2.440731249032617427e+02 3.336803082595707792e+02
4.310619109257642663e+02 2.176529015419749840e+02 2.441664196401474953e+02 3.316123754245161876e+02
4.294739655666185740e+02 2.175173666446438574e+02 2.433274911988833651e+02 3.330731477411831065e+02
4.313590140766044101e+02 2.177822578752924016e+02 2.437851217940197159e+02 3.322147794099300881e+02
4.295730497925267741e+02 2.195004471057849571e+02 2.432979429667464899e+02 3.315917165343606143e+02
4.323016676901502251e+02 2.179739632882572948e+02 2.445413745975396580e+02 3.328126634152670249e+02
4.324866272974480808e+02 2.166311341412301488e+02 2.432512120639973432e+02 3.336797992675390105e+02
4.321359328372734012e+02 2.171617250313324803e+02 2.424876084878939650e+02 3.313804890362644642e+02
4.305496952176132481e+02 2.176109199968034886e+02 2.457180596747920447e+02 3.339259314517129269e+02
4.305703737355006524e+02 2.185301125980784889e+02 2.435641662778912462e+02 3.315174295043415782e+02
4.315893325856978322e+02 2.173272725212631258e+02 2.435760544312259981e+02 3.325386084587586311e+02
4.309955790518066578e+02 2.163260148380997236e+02 2.449879186455915203e+02 3.322218335619159575e+02
4.309446306590641029e+02 2.179482334384232445e+02 2.449928237708184611e+02 3.312144516981716151e+02
4.303697759539011827e+02 2.151815707861493365e+02 2.425368230661181599e+02 3.312809748367744760e+02
4.314331046886409808e+02 2.169784892083927161e+02 2.461081975801066903e+02 3.310216008743199154e+02
4.320049084185486095e+02 2.185472577722007372e+02 2.436885625339707246e+02 3.308399463535334917e+02
4.298395687264836056e+02 2.170047309060197733e+02 2.441014179668064799e+02 3.303149570639753279e+02
4.319854813947269463e+02 2.176417288061789179e+02 2.449018098028010115e+02 3.323937539859354615e+02
4.306736204826640915e+02 2.184239160269738420e+02 2.440611383988268699e+02 3.321620744812050816e+02
4.326986647277144584e+02 2.165585628732342798e+02 2.453328511925124644e+02 3.324749212019098081e+02
4.326194908155430312e+02 2.180078955575179691e+02 2.441459529427304460e+02 3.318435077631796162e+02
4.327234050349062500e+02 2.180915798844089011e+02 2.425620389689364913e+02 3.319439984546255005e+02
4.300775150690912483e+02 2.164852282860073558e+02 2.454875629452540124e+02 3.313415292878503351e+02
4.320784492498400482e+02 2.167887561001252550e+02 2.449510558584653666e+02 3.303044806830254174e+02
4.313697000826520593e+02 2.182155378275022883e+02 2.462291298826662000e+02 3.331980647220074161e+02
4.313917936930961332e+02 2.198263583365997818e+02 2.444022696539180117e+02 3.310214509930042368e+02
4.319769510102814252e+02 2.187295739186979517e+02 2.436053594025607651e+02 3.319022977065139912e+02
4.318555687397413294e+02 2.173131015485213595e+02 2.436452309497683189e+02 3.318969452549294488e+02
4.319110245812019571e+02 2.161256661462698787e+02 2.452215010717944210e+02 3.316001353780978320e+02
4.316169080142706207e+02 2.182159527346475727e+02 2.421364274081790882e+02 3.319211228712804314e+02
4.320761849144560074e+02 2.175665514883206129e+02 2.432600001676048862e+02 3.311483787523261526e+02
4.309072572972105490e+02 2.182341968152450136e+02 2.449746689998924296e+02 3.316964741193884265e+02
4.304524148326016189e+02 2.165910268201914448e+02 2.448525383416705665e+02 3.313774667100021816e+02
4.335431026817821021e+02 2.165095226932828325e+02 2.442594891086060329e+02 3.306402643144184594e+02
4.301391783921166621e+02 2.180095732929890175e+02 2.454267183216453532e+02 3.296701623758214623e+02
4.308370684844853713e+02 2.158291199957251081e+02 2.441015303116670339e+02 3.314052607815393685e+02
4.308664772675012387e+02 2.158463489618939946e+02 2.458004111925377231e+02 3.310959453747147450e+02
4.312345270278165685e+02 2.167235916498779602e+02 2.422716202304914930e+02 3.323449637326797301e+02
4.326767183596018640e+02 2.172559746225845174e+02 2.447648423559491846e+02 3.312713025419254222e+02
4.335579617348697639e+02 2.159020688875904739e+02 2.456892649656768128e+02 3.320645939975168517e+02
4.320693670285309622e+02 2.148187066942979015e+02 2.431619718374548142e+02 3.332328358591537381e+02
4.298933479724305471e+02 2.174951052979968438e+02 2.429912987118487990e+02 3.312160342704825666e+02
4.805699665295520049e+02 4.013908139300010589e+02 4.613196840380915091e+02 9.111902626352691925e+01
4.800562826716184759e+02 4.018531808856880048e+02 4.633613805707021243e+02 9.107351461863784436e+01
4.780481910080891339e+02 4.003871154667053816e+02 4.622714503296526232e+02 9.003899783921004030e+01
4.812745666257856101e+02 4.020104514034546241e+02 4.626453695096161027e+02 8.991110473801337832e+01
4.803378792315561441e+02 4.007801806671057534e+02 4.620941581714537847e+02 9.302235997352853758e+01
4.816191670375871468e+02 4.014177721937905403e+02 4.622760856088480068e+02 9.121779287336960351e+01
4.805878149324727815e+02 4.012961039073142047e+02 4.615940671172245402e+02 8.979604678636496828e+01
4.818622797937555333e+02 4.017869384703225819e+02 4.608904319941813696e+02 9.173597340366310959e+01
4.794111942194050471e+02 4.001549448028476377e+02 4.624645403833202977e+02 9.224119204822970630e+01
4.825564477846501745e+02 4.004431468063282864e+02 4.600164970791925612e+02 8.927255400705364252e+01
4.804365424246809084e+02 4.025059956255528277e+02 4.613323719580557167e+02 9.243763528285627729e+01
4.809506638895635433e+02 4.014226035539627446e+02 4.616883159756251302e+02 9.085996954054054697e+01
4.808849254808438332e+02 4.041545535646488361e+02 4.615123723347052191e+02 9.021877500399361338e+01
4.811941710343265299e+02 4.003551534161275640e+02 4.608549982384964210e+02 8.968327824859646569e+01
4.802522391287208166e+02 4.022283826569968710e+02 4.606266886072716034e+02 9.240736493259639417e+01
4.803835623663169372e+02 4.010690081111907830e+02 4.617480176476695988e+02 8.961020786918545866e+01
4.809209313278799982e+02 4.019541203752901879e+02 4.615578073816194546e+02 9.258756277233277387e+01
4.801493941813895958e+02 4.021315052921546567e+02 4.609905359003782905e+02 9.135599524874147903e+01
4.781107103187961229e+02 4.022280569236135648e+02 4.625793956707865959e+02 9.059693267270387196e+01
4.807503019076813189e+02 4.008385850328213564e+02 4.624025017964353879e+02 9.109470137677155321e+01
4.788143459228534198e+02 4.019759597594407978e+02 4.600956083417962077e+02 9.068959018842744513e+01
4.811130975741249927e+02 4.022386291880135900e+02 4.613357248207110501e+02 9.294135756297811213e+01
4.816164814891057517e+02 4.014117092838143321e+02 4.618502341721580819e+02 9.138858719670425046e+01
4.797286702233507754e+02 4.014228298901812195e+02 4.598354046525012109e+02 9.277536083574233317e+01
4.799431289721615030e+02 4.009775907724319381e+02 4.618397102773982965e+02 9.209746247778987538e+01
4.805334253212536737e+02 4.016994231182717385e+02 4.609196675047455756e+02 9.065248621545740093e+01
4.803420597589363297e+02 4.007329280319182203e+02 4.631865922317124387e+02 9.365638167163166372e+01
4.814725758157370592e+02 4.030772067631112350e+02 4.599841779726907021e+02 9.131695069649848051e+01
4.797642351400041889e+02 4.000457906333163578e+02 4.626395807918589185e+02 9.113245508276513362e+01
4.814791981400618397e+02 4.003195958299215249e+02 4.597376498038000818e+02 9.406279803220746771e+01
4.804718176622149599e+02 4.024097476639369688e+02 4.620004952339244255e+02 8.995108171307552425e+01
4.802946500669901297e+02 4.011155110895664961e+02 4.625494034666302241e+02 9.073039242249748781e+01
4.812916120756560190e+02 3.992952836692921892e+02 4.620472103985470085e+02 9.198264318381387739e+01
4.801599028281861479e+02 4.022332658523731084e+02 4.618577810528628333e+02 9.092591377798152052e+01
4.789988642013458957e+02 4.009813987565731850e+02 4.595524020477904514e+02 9.194003323979745801e+01
4.809524657946436719e+02 4.015911898020336253e+02 4.623454794316814969e+02 9.132912442643711870e+01
4.812761258261662078e+02 4.024959159988108013e+02 4.608173216203537095e+02 9.038516956995439955e+01
4.799507933653665077e+02 4.006131426372695614e+02 4.612307622297770422e+02 9.112553889857582590e+01
4.796264624283456897e+02 4.008443801110752815e+02 4.600377799158459311e+02 9.084069735342654894e+01
4.809557584088935300e+02 4.032939024463142346e+02 4.626360063830024956e+02 9.293027751609349707e+01
4.825152395648915444e+02 3.998966902009875071e+02 4.609076447833832617e+02 9.081743479425273335e+01
4.804181186352668078e+02 4.022951126376052571e+02 4.617885835646368946e+02 9.100152131550869683e+01
4.811734375653750817e+02 3.990008632116196168e+02 4.616224435289936991e+02 9.169310770535598465e+01
4.809528652794734853e+02 4.026896489141467441e+02 4.612755570287603746e+02 9.256406257052194064e+01
4.810660479539775451e+02 4.012730921939685231e+02 4.621686689046891843e+02 9.176665049614076963e+01
4.813190025021506244e+02 4.006747071151993396e+02 4.607169664337967561e+02 9.155503514267793719e+01
4.790790838714763709e+02 4.008752414557544625e+02 4.618963246145479502e+02 9.263718843852304019e+01
4.790228670101323019e+02 4.018464209103969438e+02 4.590888984318998496e+02 9.145515417526034696e+01
4.814883448116833620e+02 4.025719207706599150e+02 4.609379345688574858e+02 9.031356299909478480e+01
4.821718879591843461e+02 4.022520215311790821e+02 4.609482599887354581e+02 9.326658590409462590e+01
4.815799308786522488e+02 4.005773441526776537e+02 4.617303106306731593e+02 9.016509900653811371e+01
4.822680401264972261e+02 4.020413806278484685e+02 4.600188202745497961e+02 9.167523355057998913e+01
4.803469608864168094e+02 4.026065992361297390e+02 4.621031827585309770e+02 9.140295373801519929e+01
4.810261888739826759e+02 4.016266575359684339e+02 4.612765101042685387e+02 9.074956917992105332e+01
4.799835739195146971e+02 4.009747102258869518e+02 4.598381909827869549e+02 9.190280488917493074e+01
4.792532869934186692e+02 3.992681765295112086e+02 4.605734967739619492e+02 8.976877532602821930e+01
4.814350833827567158e+02 4.010618179154216705e+02 4.613261390172957022e+02 8.970880778496793084e+01
4.824696821945899501e+02 4.017526854959147045e+02 4.612481861569755779e+02 9.214022511607434751e+01
4.807746640904716742e+02 4.032786478372159991e+02 4.595667696978380832e+02 8.944684445273502149e+01
4.824219259819332706e+02 4.010182859884968707e+02 4.595419121851816158e+02 9.221997064514441433e+01
4.786164351070219709e+02 4.024811167791471007e+02 4.624679066587198690e+02 9.183148094976549203e+01
4.814652782454410271e+02 4.011694311599974299e+02 4.619234385907417959e+02 9.045980368929514270e+01
4.821580624040695398e+02 4.014894535762848022e+02 4.618337363210436024e+02 9.141525972114193621e+01
4.810952916381177147e+02 4.017387740776177338e+02 4.614044877158250415e+02 9.145509748060094068e+01
4.784923981276337486e+02 4.008460413322342220e+02 4.606246646077422611e+02 9.076281429978445203e+01
4.806922911716326325e+02 3.998112602478159374e+02 4.614027988288528377e+02 9.239878285468071795e+01
4.804171601834616467e+02 3.998098437611619715e+02 4.618874987112830013e+02 9.107963816492504350e+01
4.816334225072601498e+02 4.004415615652891347e+02 4.614137420644139524e+02 8.978496000462959614e+01
4.801505253579177293e+02 4.012664122966024252e+02 4.612576099665786842e+02 9.235794186217336232e+01
4.803596453439477614e+02 4.006923839086658177e+02 4.610381753313060926e+02 9.059564802944898076e+01
4.802037719099158153e+02 3.997035998021071350e+02 4.628742515778576490e+02 9.143563300280305839e+01
4.827073199487356305e+02 4.007273408260929273e+02 4.600339709966439159e+02 9.113998013872981119e+01
4.826153806917258180e+02 4.007265709634394284e+02 4.614803893215085395e+02 9.017383177251772963e+01
4.814494956596052475e+02 4.025043471443309500e+02 4.603468243786886092e+02 9.119143652272410350e+01
4.812507646285986311e+02 4.010203032785645973e+02 4.609981530358609234e+02 9.027901980786113256e+01
4.804950373682818849e+02 4.002713322792536701e+02 4.605886601509380966e+02 9.204295816189822688e+01
4.805448437381352278e+02 4.010904275542778237e+02 4.627992690382987462e+02 9.144155552310952828e+01
4.805154528732102222e+02 4.012691687453432792e+02 4.632533466532104285e+02 9.029965473664769604e+01
4.806403140237153480e+02 4.008817633356320584e+02 4.612236671782383155e+02 8.848035919505186087e+01
4.799875259782199350e+02 4.015768208353746900e+02 4.610475408780844759e+02 9.086707705705973126e+01
4.789556379543074058e+02 4.010829866360267033e+02 4.619774407351759464e+02 9.104912638958336402e+01
4.800808032651610802e+02 4.005993462145577837e+02 4.613172191066016694e+02 9.052502100878010083e+01
4.802781248556798914e+02 3.993862130789023581e+02 4.627196033547666616e+02 9.076082274716176812e+01
4.809233231628736576e+02 4.008040326654821115e+02 4.617040566782098381e+02 9.080346139430155006e+01
4.816586935047188831e+02 4.016307808628899352e+02 4.606142082622659473e+02 9.060206063049572833e+01
4.805848811903761089e+02 4.016484662660490130e+02 4.628188047031712244e+02 9.347354730178003024e+01
4.793647802694854931e+02 4.004895235186596665e+02 4.619985665666745263e+02 9.118704676562555278e+01
4.812771163610051417e+02 4.012943414037919752e+02 4.604940467857143176e+02 9.056532719985220581e+01
4.808306994825806555e+02 4.021692185680561238e+02 4.638456369716539029e+02 9.081624239477865501e+01
4.822672903390899819e+02 4.005399552401077017e+02 4.613313297458198008e+02 9.102940169329228581e+01
4.807332383934204358e+02 4.014395758801752550e+02 4.612015383089290594e+02 9.213122286308615116e+01
4.805162032587717249e+02 4.018367795634214872e+02 4.623814014382267032e+02 9.094280132965680252e+01
4.800259080792314990e+02 4.010427299803895949e+02 4.614205711320156524e+02 9.243718251181353196e+01
4.805471044094694548e+02 4.021635433533777473e+02 4.591247420518794797e+02 9.268946504628208061e+01
4.794815301349991614e+02 4.008930623217194693e+02 4.609931653722968576e+02 9.125310064068987970e+01
4.814068976926050141e+02 3.996162833088968114e+02 4.606474119619863927e+02 9.126206803577578341e+01
4.798873722904843930e+02 4.016496327452550759e+02 4.613324359214220181e+02 9.189376600061403622e+01
4.801889116783066243e+02 4.028542840357218324e+02 4.617280397465021338e+02 9.173108091304673906e+01
4.819355693400731866e+02 4.001749003086654284e+02 4.628850388686090582e+02 9.122333910454635486e+01
4.802323100887795135e+02 4.020962510219380306e+02 4.606851011421290423e+02 9.037366489395472513e+01
1.424924114941511561e+02 4.062974785146383283e+02 2.677974970877626220e+02 8.540700309951255065e+01
1.415830546868929503e+02 4.054874807451219567e+02 2.656834568772584362e+02 8.574694167050424198e+01
1.424633731898742610e+02 4.067865780486438325e+02 2.666926312889909809e+02 8.442267478854280682e+01
1.418820257795252360e+02 4.049858181345168191e+02 2.683135330544546377e+02 8.665602289640509071e+01
1.423750215064860072e+02 4.061595432393483520e+02 2.674126623896872275e+02 8.541595472771777509e+01
1.427089217712673133e+02 4.051589633469762362e+02 2.667850158990896148e+02 8.670067706637581750e+01
1.415555103359718032e+02 4.047079075764643790e+02 2.689292729841753840e+02 8.595308957706086517e+01
1.420294885830924443e+02 4.081329928563002909e+02 2.670728211021527727e+02 8.558444429529323827e+01
1.421517701051420204e+02 4.053581024314022443e+02 2.664214088473799507e+02 8.477522917618938436e+01
1.431219555040980538e+02 4.064334266590475409e+02 2.678234292329050845e+02 8.471996911472412251e+01
1.433414123682968864e+02 4.061973307078278594e+02 2.673664033611092918e+02 8.615304363495187090e+01
1.424731481671816766e+02 4.044696393622355686e+02 2.677179967507653942e+02 8.692408037747421190e+01
1.431369868430003294e+02 4.060247251457179800e+02 2.692104804982391784e+02 8.606042486379486434e+01
1.420984911265321671e+02 4.080839306675574676e+02 2.693233942718558183e+02 8.422668811409970147e+01
1.429063502439479407e+02 4.071126319011006558e+02 2.676041822764963740e+02 8.549696975443561087e+01
1.412688828429837145e+02 4.054350213922304533e+02 2.675066971446220805e+02 8.608842574536080861e+01
1.415823057459989798e+02 4.060821182078279890e+02 2.687103091676455620e+02 8.460822161708198053e+01
1.437554803911503143e+02 4.074159709260273985e+02 2.669025339477405510e+02 8.395254989233824006e+01
1.427524128602287874e+02 4.064336417070657035e+02 2.683318234735342003e+02 8.514137374101893840e+01
1.418376293335319076e+02 4.068655415298479170e+02 2.674414280065253138e+02 8.744840198885827931e+01
1.424949099242049044e+02 4.067622817437747358e+02 2.669666873121837511e+02 8.527176466070038430e+01
1.421418574501634282e+02 4.058496215155271329e+02 2.670321727858132022e+02 8.673509414799308104e+01
1.410931752485130630e+02 4.059462007195159003e+02 2.676009865449391896e+02 8.360561643135100951e+01
1.430975574016812573e+02 4.069231757127207061e+02 2.672407267422093469e+02 8.510382201687187376e+01
1.430356980636035473e+02 4.059855697968563391e+02 2.674717281664647430e+02 8.622850024172088013e+01
1.420664536714222947e+02 4.059731447825354280e+02 2.682767057771034160e+02 8.584422619461365400e+01
1.407169487365732152e+02 4.061245368568530694e+02 2.669088559737967330e+02 8.494440615366399072e+01
1.420007658793269911e+02 4.059270366873481066e+02 2.681489643449094729e+02 8.590088889849548082e+01
1.406990849982604175e+02 4.067278960656273625e+02 2.668392985582148640e+02 8.536220089909356545e+01
1.419421208647188450e+02 4.054670521605780777e+02 2.682011039748794019e+02 8.371860877694687986e+01
1.431057263153431620e+02 4.060084352138946997e+02 2.683058096808338178e+02 8.499261151985589891e+01
1.424318525238030588e+02 4.061584096617835371e+02 2.666298312771124870e+02 8.590864136787131145e+01
1.426221218488004467e+02 4.065371429400359489e+02 2.681491421905952279e+02 8.487144098005059334e+01
1.443149915670531982e+02 4.048903381720497805e+02 2.673149772359539611e+02 8.673428855009056804e+01
1.432123853239658899e+02 4.080583553919307178e+02 2.687593813431076342e+02 8.515934293384145803e+01
1.430896089276907617e+02 4.048134755260440443e+02 2.695875567322151483e+02 8.584393914903871803e+01
1.433645775233563313e+02 4.067280888764598785e+02 2.667780573017589631e+02 8.376762364717218645e+01
1.425724315061786172e+02 4.070411218439272147e+02 2.677475810562809784e+02 8.658528494917150908e+01
1.426390536310013317e+02 4.066363152328871706e+02 2.682395970237847109e+02 8.457138635895961443e+01
1.429375254682385048e+02 4.066104848019426186e+02 2.660715300830308365e+02 8.549641703406405213e+01
1.436474433910053961e+02 4.051645012660096086e+02 2.674619557069435132e+02 8.498222818237323395e+01
1.416298315738966664e+02 4.068286031971676948e+02 2.682939954586327644e+02 8.399570037457201011e+01
1.421051274084071849e+02 4.064614889062249858e+02 2.682714064212586322e+02 8.483269608863827216e+01
1.427141876615430647e+02 4.060793807471373498e+02 2.679550891658778369e+02 8.503797047385671704e+01
1.416934135747453354e+02 4.058392370222302361e+02 2.676070768423867889e+02 8.597432686807704272e+01
1.424800021213950743e+02 4.054499964488825299e+02 2.685580261282932497e+02 8.353774566072019070e+01
1.428049888608859135e+02 4.055292768250471909e+02 2.679047812978484444e+02 8.430874651306753265e+01
1.429679449931408897e+02 4.076123486667852944e+02 2.694781552364124195e+02 8.459501245182109130e+01
1.426591329070954828e+02 4.050748041428576016e+02 2.678912427194506449e+02 8.603233571556077663e+01
1.439994828190228304e+02 4.062642787953785160e+02 2.692026964953439006e+02 8.585482527633530481e+01
1.430309433843175384e+02 4.074322238759606307e+02 2.670383005982100713e+02 8.455733548435387092e+01
1.431240294904742996e+02 4.059370899956381891e+02 2.671100728622328120e+02 8.646457784548026382e+01
1.437666260226542931e+02 4.069740745379014015e+02 2.681233235495683402e+02 8.431481580349253591e+01
1.417014517160013156e+02 4.053235675223295402e+02 2.682719866319448556e+02 8.317627937134031413e+01
1.430786795406130523e+02 4.057959280795423638e+02 2.669399488572585142e+02 8.495795351351767977e+01
1.419016412145261086e+02 4.077055960087050153e+02 2.653524584918513369e+02 8.782732760898282720e+01
1.435038650979014108e+02 4.057109812172232637e+02 2.684273417776213932e+02 8.438715056528810976e+01
1.422920906112953219e+02 4.055685532506429922e+02 2.668532724023497167e+02 8.579307319735376325e+01
1.422788485413014712e+02 4.062888087014467260e+02 2.680063399779457427e+02 8.746366994631939917e+01
1.400485403716412804e+02 4.082134705476592558e+02 2.684599866346873682e+02 8.512846775909660835e+01
1.428046168340044346e+02 4.077902376613909610e+02 2.683189312511285607e+02 8.620030376505937397e+01
1.426766181008549950e+02 4.051405890135405912e+02 2.693288467623685847e+02 8.461421859028084214e+01
1.420449645127957865e+02 4.059911380465384809e+02 2.679394887053591106e+02 8.606905049592303669e+01
1.425869466850565743e+02 4.058298791196107800e+02 2.661273914842723229e+02 8.332287883397566475e+01
1.420776731732483995e+02 4.076039897365029674e+02 2.678769476286241229e+02 8.461873973341093347e+01
1.411529026901469308e+02 4.079463583140345122e+02 2.677089364491901620e+02 8.580576705872118737e+01
1.428831053385155769e+02 4.079919089197627500e+02 2.682065980186527554e+02 8.549616924404722340e+01
1.412590860842767029e+02 4.054846906916407647e+02 2.683073022074973437e+02 8.446709522743995535e+01
1.434496257226768705e+02 4.063283120962209978e+02 2.682924417638905084e+02 8.591933445229442157e+01
1.427535624016559552e+02 4.066681159557090837e+02 2.665006946212644721e+02 8.659471623391270612e+01
1.431028537414270545e+02 4.079393852925665556e+02 2.667492620418393017e+02 8.470199987643852069e+01
1.420691404605555022e+02 4.061068399677558887e+02 2.681933203152108831e+02 8.696007527148432814e+01
1.437935441649351844e+02 4.082653468543109057e+02 2.677440560380987904e+02 8.567304776683633349e+01
1.430444996576980827e+02 4.063314959864867433e+02 2.694063928297203461e+02 8.487692344685916623e+01
1.429992195322899136e+02 4.069454152883520806e+02 2.678182405606282259e+02 8.649199442998386189e+01
1.414555675567507365e+02 4.042797281805188163e+02 2.686734910470827344e+02 8.506376727484571632e+01
1.422724369175394941e+02 4.062706739107474618e+02 2.673178028461317695e+02 8.585028741219989001e+01
1.424018344824534950e+02 4.066305625650203979e+02 2.685678152879297045e+02 8.363713328005923131e+01
1.411155387616760208e+02 4.061513015780392948e+02 2.637539271716890426e+02 8.636882375229454567e+01
1.435050683879486826e+02 4.064796641184673831e+02 2.679482095272836091e+02 8.728282461496610267e+01
1.414809837350728117e+02 4.063543346133691898e+02 2.686163819914063993e+02 8.612354722937882912e+01
1.416709710212601863e+02 4.072490754874970094e+02 2.676798489217334236e+02 8.520790134636587254e+01
1.431088837042712214e+02 4.038485951277901336e+02 2.686202229745244381e+02 8.595376963366395273e+01
1.421486223061713758e+02 4.063196690665899382e+02 2.678843602046957812e+02 8.334916334928374226e+01
1.424596877849101872e+02 4.061741568308366936e+02 2.674668039297834525e+02 8.687623828710670182e+01
1.418195775916447872e+02 4.062092867032150139e+02 2.671852800417934191e+02 8.485410697864691087e+01
1.423316591029352765e+02 4.065792324166339995e+02 2.685046917869449317e+02 8.640328110199709499e+01
1.422548416242989049e+02 4.048028354608957784e+02 2.690391679903524960e+02 8.547648695129278451e+01
1.426535320411788064e+02 4.057974775010125086e+02 2.684900544230670221e+02 8.555049728369866102e+01
1.435098866233255706e+02 4.054601105554141895e+02 2.670597779913259160e+02 8.554692769560232080e+01
1.420733800926092556e+02 4.060000891304385959e+02 2.676802354903826426e+02 8.607338469591807950e+01
1.426783110405856689e+02 4.057359488109393624e+02 2.685165613606232569e+02 8.674438063014294187e+01
1.407690321378894680e+02 4.068832800864445858e+02 2.672407984916935675e+02 8.455672039068841173e+01
1.421375879701606948e+02 4.063464158566056312e+02 2.663859756138922421e+02 8.502947955019175197e+01
1.415977316289276757e+02 4.080962181732585918e+02 2.684907588087779118e+02 8.605708587172266277e+01
1.423798828808806149e+02 4.051908510523589939e+02 2.688600202154063368e+02 8.502734472719086511e+01
1.431758303370698968e+02 4.059293302103467340e+02 2.683561548062563702e+02 8.592273451553776908e+01
1.427570044588892983e+02 4.063424812926179470e+02 2.671323377684187790e+02 8.542467176720592192e+01
1.412129186515996366e+02 4.064797665019377746e+02 2.671445471930296094e+02 8.533518313570816360e+01
1.414691917773056673e+02 4.063197381641617767e+02 2.683207110653379459e+02 8.579505502665472250e+01
4.330519224265900107e+02 4.440905637231740002e+02 2.803102111843514876e+02 2.192699635887032628e+02
4.328122597047845943e+02 4.447612438634018872e+02 2.804880420623743476e+02 2.191051313114758727e+02
4.322415986292276102e+02 4.438812613323725031e+02 2.811807862331621095e+02 2.191599302871820782e+02
4.329150468745847320e+02 4.437081682711147437e+02 2.804661164005177056e+02 2.192777850089800609e+02
4.311176381521417511e+02 4.430230619938034806e+02 2.809248072870776696e+02 2.179463602926187775e+02
4.340902419002671309e+02 4.445975263312103607e+02 2.797923517148676069e+02 2.183053276103576934e+02
4.330523900806733764e+02 4.425517272547518246e+02 2.797321783624246336e+02 2.197320495358564187e+02
4.319988952173888492e+02 4.439334559479756308e+02 2.811506904787716508e+02 2.196206859713797712e+02
4.332944452861425475e+02 4.444904865947378312e+02 2.807462010511025596e+02 2.189539239382326059e+02
4.336570787867595413e+02 4.454826697353228724e+02 2.825427011684215017e+02 2.199509366699599013e+02
4.319488075752043414e+02 4.443411456830414750e+02 2.804761673529192194e+02 2.192369742419892589e+02
4.330076158209074038e+02 4.433640032341190818e+02 2.805185260743621143e+02 2.201997325739514224e+02
4.317144237390043600e+02 4.442020550326419084e+02 2.811151317566697685e+02 2.197134547897258017e+02
4.320682281577978188e+02 4.441042592792942969e+02 2.812566999993788954e+02 2.202062882067143335e+02
4.321077790575885160e+02 4.442810707167830628e+02 2.784191207324097377e+02 2.189614154119132081e+02
4.331139495921289040e+02 4.451842018684375830e+02 2.798238833578898266e+02 2.198290563039153369e+02
4.315002936767884876e+02 4.437559198373201070e+02 2.795555671705670306e+02 2.198397755100392033e+02
4.335088316840888183e+02 4.443881090560454368e+02 2.808528080854313203e+02 2.190284548808827481e+02
4.347283981662568522e+02 4.428324380430336191e+02 2.810846468513330478e+02 2.186197954117988047e+02
4.342837106797474007e+02 4.458538871539776096e+02 2.811820729613871777e+02 2.182225728566801877e+02
4.306441837479639503e+02 4.432069757398041361e+02 2.793158629972978133e+02 2.190860627194032872e+02
4.325021722281397842e+02 4.434796928729932688e+02 2.816745920461636956e+02 2.194428085360607668e+02
4.324867485524424637e+02 4.450751276587679968e+02 2.794497441296741158e+02 2.184505563900300160e+02
4.346669900110162530e+02 4.423762524879430771e+02 2.797560482008839244e+02 2.180357848398460305e+02
4.334189473032356545e+02 4.437521374484814487e+02 2.777031977573537915e+02 2.189762467296373245e+02
4.341854809192705034e+02 4.441349536997531686e+02 2.812177124539961710e+02 2.197459493987935275e+02
4.331036827064901900e+02 4.449620471916240945e+02 2.811763671653322945e+02 2.200435778138263174e+02
4.323659781166407470e+02 4.446537613801054931e+02 2.802455750578106972e+02 2.210184721778349797e+02
4.348296990726217359e+02 4.454214704880321847e+02 2.794072319459909863e+02 2.197062533042044947e+02
4.324043008954130300e+02 4.427624908792484462e+02 2.798521955881374765e+02 2.192583032376554968e+02
4.336471094310444414e+02 4.426111041148830623e+02 2.787667044990845397e+02 2.198419987107677684e+02
4.346236968799800593e+02 4.430308725271069648e+02 2.791359627198130511e+02 2.198499942417669502e+02
4.329358739046119808e+02 4.441871755670782704e+02 2.816750808726550304e+02 2.190520697657550500e+02
4.332045380425370240e+02 4.457794746029018711e+02 2.820491727505876725e+02 2.182244512251811557e+02
4.315349531099051319e+02 4.452158398183655663e+02 2.794492819303713986e+02 2.201860696495256491e+02
4.340947753688922717e+02 4.445812245808086232e+02 2.814024047675306406e+02 2.182620564557370244e+02
4.328328382061788488e+02 4.444471268604400507e+02 2.797897825013027386e+02 2.206255659261880737e+02
4.306549496473844556e+02 4.447643276475610605e+02 2.806066281168938872e+02 2.187234154379548556e+02
4.330862732658846426e+02 4.444060745946351290e+02 2.794857662330441599e+02 2.195782173356292333e+02
4.325582959323296564e+02 4.443070083011277802e+02 2.806798919468276949e+02 2.187096780926250119e+02
4.328727711497500081e+02 4.433570507054355971e+02 2.802631033490397385e+02 2.195864414175051706e+02
4.312988980980018709e+02 4.413230643081228664e+02 2.808488153783221151e+02 2.189196918878647580e+02
4.328245907659512568e+02 4.445250238187164200e+02 2.810239708610180855e+02 2.200523506739930326e+02
4.339491951276625628e+02 4.444004785150807493e+02 2.799699456062769514e+02 2.189505698612678941e+02
4.341915835156723347e+02 4.431926085865567870e+02 2.814113282029522907e+02 2.206543815494257501e+02
4.328017637861106550e+02 4.434725096219765987e+02 2.793856747796808122e+02 2.193622975664413275e+02
4.333297283309975114e+02 4.452523213732051204e+02 2.797083979805155991e+02 2.205390136377386625e+02
4.346821083550627804e+02 4.447385215516606536e+02 2.804874433341948929e+02 2.180015323936308675e+02
4.344653636214106882e+02 4.458290139270944792e+02 2.812457476629285225e+02 2.198136514307693687e+02
4.323710220332025074e+02 4.445436641927325923e+02 2.813228420815814275e+02 2.187170987030275171e+02
4.320216264227481702e+02 4.448104917501322007e+02 2.823608522380620229e+02 2.196413637965288785e+02
4.327642376125068608e+02 4.427595270005909356e+02 2.776350290958232563e+02 2.212258319853564217e+02
4.340618893470672788e+02 4.454729322903164643e+02 2.805814215029429874e+02 2.198517913741391681e+02
4.326887470798752702e+02 4.429719976397022947e+02 2.813724539307182795e+02 2.193129138543886825e+02
4.332658017347824853e+02 4.428571065896531422e+02 2.798508309000171721e+02 2.190696257499367334e+02
4.328612070004019188e+02 4.447365975153072668e+02 2.806801979118671397e+02 2.174677253446143368e+02
4.324206022447793885e+02 4.434364838535456670e+02 2.817418267070953561e+02 2.206093459778763872e+02
4.324571856171236846e+02 4.439216928012700691e+02 2.813127329368634264e+02 2.189475340437611237e+02
4.307934711632133258e+02 4.431200386324081251e+02 2.811693440232758121e+02 2.175459825175665856e+02
4.322978375891096334e+02 4.444654739131001406e+02 2.799627784356598568e+02 2.181089817967214231e+02
4.327163943069479046e+02 4.423468315275385407e+02 2.797628560217709719e+02 2.191630712544038033e+02
4.343457018787661355e+02 4.427088191261239558e+02 2.821974558993488245e+02 2.188251877727102794e+02
4.341403831091177494e+02 4.431818815618333929e+02 2.808865749079902230e+02 2.212815352981908177e+02
4.328134771642347118e+02 4.443928318647268725e+02 2.801358543559850887e+02 2.194604245525721353e+02
4.329671929588573107e+02 4.440436440517207188e+02 2.784721203389783568e+02 2.193482004768189881e+02
4.336477551524155842e+02 4.441019242670363951e+02 2.798784899593700288e+02 2.199949543522619138e+02
4.319393048967841651e+02 4.425385257228769547e+02 2.814569836746642295e+02 2.186950511280707588e+02
4.345485582483593703e+02 4.429948914550608947e+02 2.795846808361477542e+02 2.187401111325368106e+02
4.347597405923239080e+02 4.459026479291244982e+02 2.802695403619779313e+02 2.181849727596117248e+02
4.337986797501103524e+02 4.427915021203009474e+02 2.780160889432629006e+02 2.178586858533142845e+02
4.336060606140630966e+02 4.440919451885349645e+02 2.802133798037757515e+02 2.201070762848578397e+02
4.320211760579272777e+02 4.443511073967338803e+02 2.797226084046445749e+02 2.188053930669743750e+02
4.327414217224631443e+02 4.445691605334239966e+02 2.795977635411302913e+02 2.189110060735231400e+02
4.321097612514062121e+02 4.435002169421042026e+02 2.816230880286015008e+02 2.190700686201713268e+02
4.325149671616454157e+02 4.438066362168807473e+02 2.792776030177147959e+02 2.209010080810471095e+02
4.329763652460735557e+02 4.444062040794972290e+02 2.811595351011723096e+02 2.204426621409474194e+02
4.332927754851896793e+02 4.426257034186188548e+02 2.827051586542450536e+02 2.177710945589343794e+02
4.333272274019385009e+02 4.444914095115997270e+02 2.799436092758649579e+02 2.200664583361224231e+02
4.333087110576282157e+02 4.450097472823279645e+02 2.780995274743349910e+02 2.187728284199310735e+02
4.339779780136150862e+02 4.462172251978202553e+02 2.801011037185832038e+02 2.192577223183582760e+02
4.341242007598584109e+02 4.452049748553728250e+02 2.804567061540086570e+02 2.186083229944296136e+02
4.323118774344624740e+02 4.442324798723352615e+02 2.807424764079631814e+02 2.186730590998365358e+02
4.335923115987257574e+02 4.449662752108907853e+02 2.818018792471969505e+02 2.182378237187611774e+02
4.318094641015999287e+02 4.433892707950561203e+02 2.810900315328560737e+02 2.182382798014298544e+02
4.320594307664839562e+02 4.460239846357242186e+02 2.824603608386952374e+02 2.182599044968414717e+02
4.323389682951024042e+02 4.443762942803098781e+02 2.804549397136101447e+02 2.171807565931327133e+02
4.343493092147231778e+02 4.438739626505350770e+02 2.798118719007082973e+02 2.204003224412608972e+02
4.324836647356935373e+02 4.435400518844039652e+02 2.789450404725095041e+02 2.192554512237020674e+02
4.334223202030947846e+02 4.451717095795806927e+02 2.802011164895158117e+02 2.196679242385508815e+02
4.315605394294029225e+02 4.441895957424478638e+02 2.795990174833370929e+02 2.188483243143435004e+02
4.331133361380791484e+02 4.436203203302757743e+02 2.801131932090602845e+02 2.179588670315564798e+02
4.323645309840074447e+02 4.450131978589656683e+02 2.802697888911422410e+02 2.179397839081618429e+02
4.343110296783502804e+02 4.436640189271261647e+02 2.791994393820651226e+02 2.195804333406346700e+02
4.331034070978538466e+02 4.441602896124828703e+02 2.808373707652299345e+02 2.193501532740092728e+02
4.339181131018738142e+02 4.452637904768880048e+02 2.787791749230922278e+02 2.176331608976221617e+02
4.334581008641554263e+02 4.441812711311002317e+02 2.788301669456079708e+02 2.188595273387007580e+02
4.329145374151609644e+02 4.427148557449643818e+02 2.813241085187644899e+02 2.190682126038204558e+02
4.322623388925384234e+02 4.449085705741532593e+02 2.806583787826835987e+02 2.186358041040549267e+02
4.319647986404712015e+02 4.438826614125467813e+02 2.811891773189333321e+02 2.187174147627169418e+02
4.338006315270634445e+02 4.446091924752929003e+02 2.812725655231344035e+02 2.213180173804419155e+02
