3.386521470604471915e+02 1.741192182758575200e+02
3.389366499499898282e+02 1.874023976607163604e+02
3.315734886953540013e+02 1.502195252773556717e+02
3.628540070725648548e+02 1.749681091598862110e+02
3.368850773956372109e+02 1.889086666110675026e+02
3.193334596026347754e+02 1.739574152535818143e+02
3.180958367383849463e+02 1.658846173654186487e+02
3.363011059274336958e+02 1.787269434985924192e+02
3.555689350887796536e+02 1.653750126905997035e+02
3.079393465572948685e+02 1.868529098647373132e+02
3.439014831677852158e+02 1.785416057947371371e+02
3.361757294024670841e+02 1.561723555908288006e+02
3.385205385786288161e+02 2.075684981951006307e+02
3.408179668697119951e+02 1.605517390215907483e+02
3.416273899955215256e+02 1.974747580965581903e+02
3.506828449255639271e+02 1.670160778677619078e+02
3.401495158421342921e+02 1.608347497310447523e+02
3.186367242816381804e+02 1.607679813734878564e+02
3.195730275261710744e+02 1.652905003133878949e+02
3.428319543246561238e+02 1.835947268566286255e+02
3.098126059042706970e+02 1.711843643704853264e+02
3.341449594512434942e+02 1.694035223815394318e+02
3.369535574595220737e+02 1.709959834188938146e+02
3.618122904202543850e+02 1.898917184494872004e+02
3.096787684831593310e+02 1.487329176778735587e+02
3.299191409256744691e+02 1.526993179518556190e+02
3.343441498839480346e+02 1.887848387683215208e+02
3.473573460804390152e+02 1.889864458806108019e+02
3.289537869181061183e+02 1.698857218871321209e+02
3.510929952159060008e+02 1.796994400380442869e+02
3.375232772972955786e+02 1.794752971192382347e+02
3.595931020557773650e+02 1.670567632342146851e+02
3.316255309411039889e+02 1.901835534574245798e+02
3.475570493213766099e+02 1.517553130304135891e+02
3.760085957694961962e+02 1.771273206978203234e+02
3.280787498693201769e+02 1.558208070297821166e+02
3.423763687513441027e+02 1.429838936916978867e+02
3.270123294114882810e+02 1.644683703980760470e+02
3.306240848770725052e+02 1.834799035702643266e+02
3.368803178352191594e+02 2.022278363300725346e+02
3.419639258867193234e+02 1.753359631577265532e+02
3.427764183557033562e+02 1.580831646541144266e+02
3.458729456684469028e+02 1.849694746330467297e+02
3.202145859862201860e+02 1.565431416787321552e+02
3.300356261256554262e+02 1.957458213609683639e+02
3.454718718677449374e+02 1.761460096987082125e+02
3.381667366708720692e+02 1.766774935063958765e+02
3.407109260392989540e+02 1.674403821883859393e+02
3.534037589820712810e+02 1.676336882753369935e+02
3.316914267483765570e+02 1.673650075639528438e+02
3.506277886202593663e+02 1.632970329487556853e+02
3.559178006462892654e+02 1.871270304154291750e+02
3.506265049200490580e+02 1.605360909071214621e+02
3.250080609881846385e+02 1.716273062871037496e+02
3.361766848705640314e+02 1.896023525992356156e+02
3.409407066811690470e+02 1.610356622342205526e+02
3.628161711842345767e+02 1.668823708284282645e+02
3.432115388331028498e+02 1.843752572432815100e+02
3.269571052941942639e+02 1.662916562045197679e+02
3.245284098255939966e+02 1.387178451399580581e+02
3.447601234825849588e+02 1.704096424310654925e+02
3.325020870120358154e+02 1.652590706939449205e+02
3.489745993758211284e+02 1.943776727352115472e+02
3.413568307272712445e+02 1.642286530964279052e+02
3.200998935792097768e+02 1.583400545725177437e+02
3.381352589646423326e+02 1.667130897106924010e+02
3.318129784971431491e+02 1.598308780880823292e+02
3.250524579872802065e+02 1.726787618190529088e+02
3.595553169146710388e+02 1.661267586673882022e+02
3.333900132184386393e+02 1.766235046903611874e+02
3.104044784659508309e+02 1.990894314218122645e+02
3.426083458219974318e+02 1.356608250262135016e+02
3.296198276722024616e+02 1.702980187059504829e+02
3.402282050106068709e+02 1.771236234038071018e+02
3.138942726500340541e+02 1.802806751302294970e+02
3.414407936182736307e+02 1.743780819021037019e+02
3.448974633190939016e+02 1.800254917875820126e+02
3.273666075906723449e+02 1.867373789020700769e+02
3.471709239164882206e+02 1.522723472325841101e+02
3.618656952345094737e+02 1.793972457710077038e+02
3.167961339285128588e+02 1.858868361745909965e+02
3.289092733019171533e+02 1.726454616921639342e+02
3.386137888047998104e+02 1.733858211539917988e+02
3.678589443184525862e+02 1.601097995794891347e+02
3.300646760832388509e+02 1.763564528532879194e+02
3.577516438795991007e+02 1.485593120018493778e+02
3.195027788325975280e+02 1.622502745801807009e+02
3.441086903728397033e+02 1.717807735889553840e+02
3.219786567721010897e+02 1.684738682546732775e+02
3.619230743236784633e+02 1.657656891536093724e+02
3.374889672610435127e+02 1.758736433353929840e+02
3.180969730183911679e+02 1.861203061981665599e+02
3.368936804386407289e+02 1.818416467149411915e+02
3.569888557176770973e+02 1.890188424403476404e+02
3.464097987378561925e+02 1.669861707229626120e+02
3.433766538406617315e+02 1.615738206427888031e+02
3.677846894701878568e+02 1.878994771941107729e+02
3.136890605743547553e+02 1.903663181671168161e+02
3.322764723155828506e+02 1.662397204274963656e+02
3.202899931027840807e+02 1.650879111029872206e+02
3.660584116093023113e+02 7.510510906699141742e+01
3.557861847714369219e+02 6.453478504495669199e+01
3.745313348995372849e+02 8.345619625675224995e+01
3.649326712212592270e+02 7.206932502004669061e+01
3.541944905654362401e+02 8.220249162992223546e+01
3.888431842907235136e+02 8.983560913488449273e+01
3.617048317042682584e+02 7.000756556104069261e+01
3.568038427115575928e+02 5.997926018558496963e+01
3.584435771786172040e+02 5.016048532060189302e+01
3.694552823444860792e+02 1.027159660782944854e+02
3.844366041358850339e+02 8.717925047881247735e+01
3.629620153888244545e+02 5.608107707723737434e+01
3.692643372203358467e+02 6.264764808885331604e+01
3.593936137340209029e+02 6.699175010897856453e+01
3.715145670574547125e+02 5.671839565876247491e+01
3.464987227528814060e+02 9.000791513066462812e+01
3.730828583996767520e+02 8.487952920001390567e+01
3.873299372326919183e+02 8.843457557752090281e+01
3.452307923496981061e+02 8.448056910163838040e+01
3.633104512044096737e+02 8.723301579739374745e+01
3.617725758213591121e+02 5.834003825340651161e+01
3.506269275080929333e+02 1.024479048532701029e+02
3.692213026014622415e+02 8.635723964915585782e+01
3.445647928565102234e+02 5.107969856475916970e+01
3.453865471149949826e+02 5.879384184143667369e+01
3.726103558507132902e+02 5.737577201746357503e+01
3.837676484389134544e+02 8.732361811385072770e+01
3.708285485809087731e+02 7.043926378866648008e+01
3.612619383178594035e+02 6.684633557473048882e+01
3.944447220242130925e+02 6.915130857913032969e+01
3.638124251690480833e+02 8.021633500838464670e+01
3.734733803967301355e+02 5.453504847149111612e+01
3.507638325305111948e+02 1.037913651893211693e+02
3.853918976368838685e+02 8.411382898976999911e+01
3.498429792784856431e+02 8.220017729810605545e+01
3.557505467973880968e+02 7.476929962509048266e+01
3.768963598147797711e+02 7.662138572719386787e+01
3.587532164315668410e+02 6.348095091002586798e+01
3.805118730855404579e+02 7.787958644505893346e+01
3.740286599049384790e+02 8.775397635908581151e+01
3.649567998986152588e+02 9.064748587611440200e+01
3.448190676065279945e+02 7.328844868583739469e+01
3.222700944661284552e+02 8.627331962620763761e+01
3.638333300378864692e+02 7.510590102401269519e+01
3.395560917319386931e+02 6.495162416875515987e+01
3.610161997413583208e+02 7.399786225099884973e+01
3.483235067867984753e+02 6.310623848157226945e+01
4.115336673755219294e+02 6.459098638679961368e+01
3.806541242455530210e+02 7.202609360774482639e+01
3.612085944231644703e+02 7.545276552383832325e+01
3.776746761384616775e+02 6.139438041933266277e+01
3.790510571418809604e+02 7.877094016726368864e+01
3.713836716226896328e+02 6.547901897375277258e+01
3.690037372347351834e+02 6.793317730841448565e+01
3.890832392884794899e+02 7.629382651346428190e+01
3.496808420354832947e+02 9.012297256823619307e+01
3.743356483656921796e+02 8.906433626072706033e+01
3.813871354865482317e+02 7.907100557273014374e+01
3.711416149641696052e+02 5.925360521056836660e+01
3.401144665412250561e+02 7.025089839852849138e+01
3.940035975317986185e+02 7.366401158338656785e+01
3.770605914048186378e+02 4.976740725911685104e+01
3.660924809036330885e+02 7.033011880193060961e+01
3.810035402684578116e+02 7.206369167133659914e+01
3.483481427144911322e+02 7.203205505037644230e+01
3.790661720680431017e+02 5.594841696955150212e+01
3.902119533499851514e+02 7.061043521873868656e+01
3.572436761747202354e+02 5.222811966999103106e+01
3.662388935235316012e+02 7.599935434669401957e+01
3.628820109828973841e+02 6.234627684079580945e+01
3.370909388706918435e+02 7.238108097522601270e+01
3.511984816739745270e+02 5.560911503195718097e+01
3.651250452882030118e+02 9.090355850447070907e+01
3.707214907883789579e+02 8.992825360220506070e+01
3.677185768824630827e+02 8.516711775722296807e+01
3.802784781175628268e+02 7.173724250473586039e+01
3.637545763318947252e+02 6.660405086935239183e+01
3.629215276371774621e+02 9.232547201775818735e+01
3.668282782670902407e+02 5.724895298032476632e+01
3.674686429685818325e+02 7.012172395395978697e+01
3.717300677749676083e+02 5.555856080506568873e+01
3.826119925367351016e+02 7.586326095765622313e+01
3.933875726300030351e+02 1.029240215478400415e+02
3.548962795992770793e+02 6.421257582398185093e+01
3.722903451946932591e+02 8.920702869430350290e+01
3.623023588243051449e+02 7.967356328034584578e+01
3.861752006707172313e+02 6.996147644559647460e+01
3.807678245142225251e+02 7.057110226768345740e+01
3.755968975557930207e+02 7.711413228207928228e+01
3.952231667278958298e+02 7.683622894599730557e+01
3.638131578851992458e+02 6.253400097769512911e+01
3.967894452594936752e+02 8.413761641725260176e+01
3.601693335209812403e+02 9.584673364812033469e+01
3.745797306435445648e+02 5.180682353197886414e+01
3.584538458423644443e+02 7.654646985103396162e+01
3.562448266525702820e+02 4.694841324430136353e+01
3.437557469418526352e+02 7.521674375856039774e+01
3.650450401763372952e+02 5.119479221012967685e+01
3.701838606242866945e+02 4.807808878667998442e+01
3.718210445088629967e+02 9.684646859458180757e+01
2.848352657717366014e+02 2.980613144445584908e+02
2.495052656745841659e+02 2.788307405325824107e+02
2.761007294413787463e+02 2.884135959416690298e+02
2.969663414135777089e+02 2.877801099654232644e+02
3.025792284898559501e+02 2.942654522799222718e+02
3.006007137315326077e+02 2.917928535543842941e+02
2.976342926326447014e+02 3.197136908430135236e+02
2.789229746003546211e+02 2.876366721466685590e+02
2.864506074496151768e+02 2.861098258111123300e+02
2.900555759446946809e+02 3.075179983669004287e+02
3.316819332891921022e+02 3.037850993542745641e+02
2.714958360619065161e+02 2.896096818194018283e+02
2.907301544987647617e+02 3.100256447920985465e+02
2.584290615037500629e+02 2.879464246718403615e+02
2.939372510073312696e+02 2.891378467648669925e+02
2.778826597404906238e+02 2.805795757826863905e+02
2.599269244153183536e+02 3.233200220265225653e+02
2.755941067189193063e+02 3.056883833411499154e+02
2.737187226050529603e+02 3.037108152910273589e+02
3.055464886116421326e+02 2.921659168883059010e+02
2.738393221060085807e+02 2.917762870870550387e+02
3.158101345134671760e+02 3.030774884239705784e+02
2.699322386026256595e+02 2.990101571831484648e+02
2.669528485241193039e+02 3.023248023193508516e+02
2.844744565124826181e+02 3.088380070487260696e+02
2.921929576996858486e+02 2.968924897031133128e+02
2.953994820316968344e+02 3.033698388190903756e+02
3.011095873898186142e+02 2.963469686442286388e+02
2.651950380349632042e+02 2.859662217802180635e+02
2.871431377148879847e+02 3.010211284052812744e+02
2.929350296533374376e+02 2.935318164184346870e+02
2.392257004137048852e+02 3.066998063286030742e+02
2.920239183011613591e+02 2.845160859282752313e+02
2.938628259954322175e+02 2.801436668210246239e+02
2.844866232598941451e+02 3.152939306956357086e+02
3.023897879774444277e+02 3.229615652570013253e+02
2.857825800219146117e+02 3.122473964300922376e+02
3.034009688142021446e+02 3.126688344674263362e+02
3.135142486601819769e+02 2.888328974873122093e+02
3.057819237422631318e+02 3.058145523028900357e+02
2.825342448243984563e+02 3.018957983583461555e+02
2.611635037744166539e+02 2.985408846059900156e+02
2.749478687218110622e+02 3.071242625347939565e+02
2.808725363014672780e+02 3.068239032470381176e+02
2.968395622063792985e+02 2.661806390196198890e+02
2.719455410002720441e+02 3.094341236313963464e+02
3.043901183804459265e+02 3.036639794744185679e+02
2.868245348504615890e+02 2.882774026762096469e+02
2.565685968305126607e+02 2.876227222037264823e+02
3.028722507278692433e+02 3.007488748096440077e+02
2.580005203571860193e+02 3.176748684716567368e+02
2.591795542932150624e+02 2.961747866257859414e+02
2.920895698498948718e+02 3.037212095988410852e+02
2.844657701769435789e+02 3.127284994332309793e+02
2.729953957108621125e+02 2.926688816178793218e+02
2.919886240092603771e+02 3.018054526353105871e+02
2.776097654466195763e+02 2.850922191117743409e+02
2.645398924538902747e+02 2.887090024980799967e+02
2.820320683231030898e+02 2.789016369398772213e+02
2.851960852296574558e+02 3.009139805189926165e+02
3.002691232069291800e+02 3.049651418209217013e+02
2.830268940775574720e+02 2.763533003620345880e+02
2.832845639042722610e+02 2.843795603554560785e+02
3.010807609488312551e+02 2.870676110374516838e+02
2.620533349207380525e+02 2.899812435267434694e+02
2.808838072137497193e+02 3.125319842355713149e+02
2.823942430139122166e+02 3.210483909365385102e+02
2.616948592038815491e+02 3.007478883216808185e+02
2.850898383676516232e+02 2.974410325472936165e+02
2.813868514744031017e+02 2.970563891652330994e+02
2.611946317837997071e+02 3.232544553473937299e+02
2.880007482430721666e+02 3.205052105071741266e+02
2.902319157259067310e+02 2.878181645730257969e+02
2.824768206211271604e+02 2.966210099354086651e+02
3.100707255306512025e+02 2.780628783403093394e+02
2.958869206594930574e+02 2.945677500957081065e+02
3.038739480764230052e+02 2.941436165579280555e+02
2.832443231419767926e+02 3.022793095593261228e+02
2.732209509290663050e+02 3.058552365092948548e+02
2.806112879413731207e+02 3.132368484192681422e+02
2.846682129561807528e+02 2.909059623326215842e+02
2.956486534771960919e+02 3.101505552134653954e+02
2.783846092677028423e+02 2.882451960335448007e+02
2.751135273463265776e+02 2.795667133575492471e+02
2.937286653237473502e+02 2.915874774018889184e+02
2.529871455927238912e+02 2.894899806417806190e+02
2.769275115466895159e+02 2.807404616371287034e+02
3.015400057688549964e+02 3.112287651437872000e+02
2.926199691139692050e+02 2.872962310779752215e+02
2.656386323465773103e+02 3.133560229491298514e+02
3.069813925567753472e+02 3.163341307886907430e+02
3.127319925816443629e+02 2.914402597978398717e+02
3.004236620770419108e+02 3.006384238396001933e+02
2.948269630860967254e+02 2.858620218240982354e+02
3.071175143849787901e+02 2.822013863260498283e+02
2.984708043023605342e+02 3.048952387111719986e+02
2.734634009367180738e+02 3.104062957552923763e+02
3.102742657040144536e+02 2.802223127710985864e+02
3.016433498687724182e+02 2.778203728834497497e+02
2.838677843265136858e+02 3.092358707940873614e+02
