9.812052864847298395e+01 7.376894648079296246e+01 4.438484902919292949e+02 2.593466012952265487e+02
9.630084964412375825e+01 7.419326988041758852e+01 4.456976149543714314e+02 2.594032629653114554e+02
9.706538466325014269e+01 7.530265895881957761e+01 4.449050346842547583e+02 2.585001546176443412e+02
9.746530609121121813e+01 7.364259715482926083e+01 4.436719890800159192e+02 2.611169995400638868e+02
9.901369610554651501e+01 7.376854948299506987e+01 4.416746389021956816e+02 2.612569911858279283e+02
9.791144122495620650e+01 7.403061021423134491e+01 4.432998748733839989e+02 2.608027344390841336e+02
9.865802584131871811e+01 7.423990307721823001e+01 4.426167780525735225e+02 2.579996150273264561e+02
9.833725193261123820e+01 7.477140823071077591e+01 4.444943444628551674e+02 2.582904388886928473e+02
9.829125035390644882e+01 7.243018501840191448e+01 4.457566731998975911e+02 2.587725403248742282e+02
9.747510372269302081e+01 7.508321506668406187e+01 4.421911587457906876e+02 2.590542950588369990e+02
9.969094660014845033e+01 7.307862890305290193e+01 4.454676885695599253e+02 2.582748950487134607e+02
9.706034278600718324e+01 7.296954643772257043e+01 4.441634561335192188e+02 2.606143877524842765e+02
9.636351818535635516e+01 7.415562050835798402e+01 4.421070481892313069e+02 2.589955207516009068e+02
9.792215162505992510e+01 7.305855455590442205e+01 4.446834288990246478e+02 2.603545333286097048e+02
9.773029785618167864e+01 7.391663387783817996e+01 4.454216989802685021e+02 2.595397094935798918e+02
9.850136264025475441e+01 7.338315876288592676e+01 4.433564256216755552e+02 2.605648301283935666e+02
9.814904363852595282e+01 7.410039118141303049e+01 4.440983535537961870e+02 2.592559019996501775e+02
9.610991258016755978e+01 7.259051330742028085e+01 4.447726944287597348e+02 2.573561001309773246e+02
9.778504294753884096e+01 7.544173876336900264e+01 4.432180586421952171e+02 2.579027616144283002e+02
9.638084691003156479e+01 7.440881374198190201e+01 4.442410923574633443e+02 2.603247736026931420e+02
9.898105009764796591e+01 7.423974699904593422e+01 4.422467136922153941e+02 2.589630734195635569e+02
9.784971063012297066e+01 7.479538170130108199e+01 4.421919518225456045e+02 2.594205116171164605e+02
9.828028487248606382e+01 7.044991811121690262e+01 4.444037194190113951e+02 2.604763364711671443e+02
9.846210342972482010e+01 7.341424030870598472e+01 4.418501719428977594e+02 2.585906709484941643e+02
9.821396581952646443e+01 7.532099892682377629e+01 4.426134450383619878e+02 2.576481232039723750e+02
3.336698518389164292e+01 8.189716303835604094e+01 3.556114869967923369e+02 4.104492131324077775e+01
3.291875333783624313e+01 8.251285650657806059e+01 3.576250370905387399e+02 4.192932882362341473e+01
3.387548339003881637e+01 8.132386972303402217e+01 3.555300161766508040e+02 4.164440999645569264e+01
3.283953115942640721e+01 8.253410729676738811e+01 3.546508113044335460e+02 4.284428446759874731e+01
3.320429230893891770e+01 7.982637722058409224e+01 3.540719724117297460e+02 4.172778136743627186e+01
3.405344558564996760e+01 8.221457506409404914e+01 3.548187315666265818e+02 4.221813456041181212e+01
3.362000487825811490e+01 8.029408569637668336e+01 3.562695579632316480e+02 4.175000107667061400e+01
3.071177655850621946e+01 8.320476509261861509e+01 3.563537799969651019e+02 3.977664675753202062e+01
3.471586042867860300e+01 8.001502851783732240e+01 3.549430573971575313e+02 4.130165400700859379e+01
3.474492723595056276e+01 8.248909870038491476e+01 3.561336940854749287e+02 4.122750518111180895e+01
3.280216715688906959e+01 8.232436005208140273e+01 3.538684736068237839e+02 4.087604356988637022e+01
3.387865057956783232e+01 8.028355858976193815e+01 3.542699496239523000e+02 4.286285870522016950e+01
3.223575466256732369e+01 8.177984708569337613e+01 3.549904726470193168e+02 3.987705748796537364e+01
3.403501656773553208e+01 8.354450120982875205e+01 3.544222219126605751e+02 3.901085945743889738e+01
3.271992301629497746e+01 8.293823719074158873e+01 3.561804441510048491e+02 4.185354415447115883e+01
3.284456790552436445e+01 8.154809049466118154e+01 3.571530786944177294e+02 4.130546182775220387e+01
3.395717348232410160e+01 8.062987432345396144e+01 3.558479934440254056e+02 4.106731493683265910e+01
3.221100298221335834e+01 8.245410486994352084e+01 3.541748238373573940e+02 4.150128916804231238e+01
3.464084082033331669e+01 8.265441590387453630e+01 3.559877443312087735e+02 4.137277967515662169e+01
3.379222670575478560e+01 8.376999219636199712e+01 3.549303102670395447e+02 3.922449560966672522e+01
3.350712297147543950e+01 8.239001636938624529e+01 3.548852989412214924e+02 4.015958808530650259e+01
3.274422420697877101e+01 7.998819035551657919e+01 3.573343130575058240e+02 4.176379273873099862e+01
3.444314736880638605e+01 8.251708649890407798e+01 3.546965196951059625e+02 3.869436932708393329e+01
3.313832734993069806e+01 8.076042928076140015e+01 3.544625123281715560e+02 4.159809896713383637e+01
3.326533680384876845e+01 8.008107709453855705e+01 3.559310607302492713e+02 4.025116069746717784e+01
2.919716315266778679e+02 3.393644501065507484e+02 3.210882474642746160e+02 8.332899568253115774e+01
2.935464587733840744e+02 3.388165577813678624e+02 3.207568067945182975e+02 8.250641927164716094e+01
2.927122215414854622e+02 3.383716540907407193e+02 3.193134550583415034e+02 8.258942088575204821e+01
2.917991430736256575e+02 3.376297175556044294e+02 3.205965019755523144e+02 8.226835512543007667e+01
2.925721511952899050e+02 3.366676910251770778e+02 3.193003772557900106e+02 8.387584263472842849e+01
2.916484836673853351e+02 3.405945299192102311e+02 3.207243366479100359e+02 8.443693877312750828e+01
2.932076912846659980e+02 3.391442681409062629e+02 3.207536747739301859e+02 8.300727084726301541e+01
2.909820489807137278e+02 3.378596671739491057e+02 3.213904116744533326e+02 8.341262581688566513e+01
2.919680190008556906e+02 3.399905685560078723e+02 3.227274252921213815e+02 8.271676988741556613e+01
2.907779425216104983e+02 3.406766967810272035e+02 3.219241880596030683e+02 8.150360170656423975e+01
2.927287931450433121e+02 3.378719147092896833e+02 3.211823093180944397e+02 8.128303217383779611e+01
2.939669414608595162e+02 3.408479862641096361e+02 3.216703733082825352e+02 8.355496567799066554e+01
2.932998837173628317e+02 3.382810179063175724e+02 3.217042682539092766e+02 8.312098901300471709e+01
2.915341819825454195e+02 3.393672308776049817e+02 3.224635699646304943e+02 8.503589088491943926e+01
2.927442031013797532e+02 3.394098995920250559e+02 3.216330068948273606e+02 8.180492653755680976e+01
2.927443096094514203e+02 3.388986457509077468e+02 3.223223400606437394e+02 8.346970094539723561e+01
2.922984380067268262e+02 3.383993624559323621e+02 3.195752198365701133e+02 8.397507155398828615e+01
2.922543087641304851e+02 3.394563881117390451e+02 3.197718710660918759e+02 8.192772098659435187e+01
2.913509288868939393e+02 3.404203685814965752e+02 3.201153950524460470e+02 8.188180260190017634e+01
2.914290161953112488e+02 3.390754935930503962e+02 3.219494202551272224e+02 8.259297802648831066e+01
2.903041688407911352e+02 3.382206717714459501e+02 3.208303018564158151e+02 8.293414276493530224e+01
2.911554484658389583e+02 3.409768783240532457e+02 3.222804968194967046e+02 8.201169441776515612e+01
2.923826740545129041e+02 3.393122882403368408e+02 3.190476346204773677e+02 8.189570954816129245e+01
2.934965520587921901e+02 3.392711867759844040e+02 3.219039250916780475e+02 8.285064352248420505e+01
2.920620480414596045e+02 3.404998630838186955e+02 3.199024889130334941e+02 8.350767883057744712e+01
4.020784314723155148e+02 1.750431527606873772e+02 4.589087263671179926e+02 2.083286591030872899e+02
4.006682126095723220e+02 1.754423026833812287e+02 4.591385332505788028e+02 2.104678275880673937e+02
4.012512820373896716e+02 1.756533350407751755e+02 4.588668288041745313e+02 2.084209341887612652e+02
4.008889112528628402e+02 1.740082422940989773e+02 4.594438223492027191e+02 2.083701071394559960e+02
4.031589754762705411e+02 1.732582498385806389e+02 4.594158093114596682e+02 2.060080978672768879e+02
4.017983656150411775e+02 1.758376862494819761e+02 4.588213156995085455e+02 2.080042547914209763e+02
4.018805503762345666e+02 1.741651250665999555e+02 4.572139804605700988e+02 2.085580396617599490e+02
4.024529505147968962e+02 1.747998219952357601e+02 4.597468454750514297e+02 2.085103431931079569e+02
4.016171030269686639e+02 1.772227662955460517e+02 4.598829251080017571e+02 2.072652790248421582e+02
4.022589868220605922e+02 1.760294269633084809e+02 4.584025567985061684e+02 2.070099842939363270e+02
4.006389566950721246e+02 1.762447255310762557e+02 4.577342437562854798e+02 2.093116097401290574e+02
4.024077557201858326e+02 1.746230355463122805e+02 4.584263796026688169e+02 2.069983616637831290e+02
4.015515700579848613e+02 1.739119663294672193e+02 4.584483405512257832e+02 2.090263218736045872e+02
4.016256482357601953e+02 1.748533294557554996e+02 4.596761805684983528e+02 2.071557938337880387e+02
4.025223177304969226e+02 1.774574503677239363e+02 4.588475032744014470e+02 2.073766017158946227e+02
4.019657375526322198e+02 1.758512800373703158e+02 4.594836849197097308e+02 2.079903562010238431e+02
4.018296031927902163e+02 1.747271467843591779e+02 4.598830255185330884e+02 2.085892775613350807e+02
4.045526493826216097e+02 1.744866771107320176e+02 4.575066724217603564e+02 2.079900152392153245e+02
4.020466502038565295e+02 1.744426179402782680e+02 4.593113010055751033e+02 2.094595705867592983e+02
4.017795510519244431e+02 1.747897176387274669e+02 4.580055545642010770e+02 2.087676616437710209e+02
4.009196095294134921e+02 1.751396966448255057e+02 4.581623492119760499e+02 2.079567458777756315e+02
4.018719611820075670e+02 1.730433947257774889e+02 4.585822845097733307e+02 2.087996216473178208e+02
4.023714279494162156e+02 1.746012754126013817e+02 4.599037834805517377e+02 2.086842453066425946e+02
4.014048235736182733e+02 1.763544299868032397e+02 4.594679102095532244e+02 2.060125980070229730e+02
4.022092360768574508e+02 1.737450745066402078e+02 4.586948433133023286e+02 2.075614167451395815e+02
